00100000000000010000000000001010
00100000000000100000000000010100
00110000010000110000000000001111
00110100000001000000000011111111
00111000001001010000000000001010
00111100000001100000000000001000
00101000001001110000000001100100
00101100000010010000000000000001
10101100000000010000000000000000
10001100000010000000000000000000
00010000001000010000000000000000
00010100001000100000000000000001
00100000000000000000000000000000
00000000001000100100100000100000
00000000010000010101000000100010
00000000001000100101100000100100
00000000001000100110000000100101
00000000001000100110100000100110
00000000001000100111000000100111
00000000001000100111100000101010
00000000001000100101000000101011
00000000001000000111000010000000
00000000010000000111100010000010
00000000010000001000000010000011
00100000000000110000000000000010
00100000000001000000000000001000
00000000011001000101100000000100
00000000011001000110000000000110
00000000011001000110100000000111
00000000000000011000000010000000
00000000000000101000100010000010
00000000000000101001000010000011